0	329
0	67
1	267
1	350
1	117
1	368
2	165
2	361
3	376
3	428
3	35
3	187
4	68
4	191
4	147
4	224
5	96
6	213
7	123
7	123
7	235
7	488
8	268
8	455
8	385
9	453
9	108
9	421
10	431
10	23
10	336
10	89
11	111
11	351
12	340
12	92
13	47
13	245
14	199
14	59
14	135
14	180
15	55
15	64
15	447
15	355
16	206
16	448
16	418
17	278
18	23
18	47
18	446
18	328
19	8
19	465
20	381
20	453
21	364
21	473
21	170
21	390
22	20
22	31
22	86
22	118
23	446
23	124
23	113
23	223
23	323
24	415
24	140
25	113
26	355
26	236
27	267
27	310
28	195
28	189
29	348
29	299
29	244
30	169
30	458
30	322
30	274
30	486
31	222
31	75
31	130
32	372
32	419
33	276
33	218
33	184
33	49
34	87
34	293
35	420
35	75
35	94
35	112
35	490
36	176
36	339
36	380
36	75
37	3
37	317
37	420
37	491
37	95
38	367
39	269
39	341
40	331
41	7
41	412
42	48
42	315
42	385
42	220
42	265
43	89
43	238
44	438
44	105
44	389
44	399
45	472
46	237
46	280
47	447
47	5
48	295
49	428
49	252
49	1
49	308
50	392
51	143
51	400
51	294
51	204
52	490
52	85
53	377
53	158
53	426
54	178
54	434
54	264
55	8
55	250
55	192
56	486
56	175
57	17
57	437
57	240
58	398
58	469
59	0
59	116
60	304
60	416
61	419
62	389
62	100
63	99
63	264
63	185
63	55
64	156
64	90
65	234
65	20
65	462
65	410
66	181
66	185
66	437
67	473
67	125
67	125
68	32
69	40
69	143
69	341
69	241
70	55
70	486
70	17
70	277
71	214
71	134
71	225
71	129
72	75
72	163
72	128
72	122
73	352
73	361
73	359
74	362
74	434
75	229
75	345
75	245
76	226
77	153
78	281
78	15
79	163
79	59
79	387
79	456
79	132
80	124
80	170
80	311
80	279
80	9
81	406
81	276
81	292
82	48
82	350
82	136
82	247
83	401
83	293
84	407
84	196
85	328
86	334
86	165
87	484
87	318
88	395
88	397
89	496
89	430
89	328
89	443
89	483
90	54
90	219
90	463
91	128
92	465
93	488
94	361
95	460
95	315
96	143
96	421
96	97
97	3
97	152
97	98
98	79
98	370
99	265
99	30
99	97
100	409
100	249
101	245
101	38
102	117
102	220
102	168
102	351
103	430
103	99
104	364
104	371
104	11
104	410
105	12
105	241
105	340
106	57
106	60
106	354
107	205
107	292
107	245
108	234
108	229
109	240
110	13
111	235
111	115
111	440
111	484
112	113
112	299
112	304
112	321
112	54
113	288
113	40
114	132
115	146
115	108
115	211
116	151
116	145
116	159
117	310
117	299
117	460
117	25
117	255
118	295
119	279
119	53
120	162
120	211
121	214
121	316
122	278
122	147
123	118
124	143
125	308
125	250
125	254
126	308
126	167
126	318
126	412
126	444
127	54
127	435
127	425
128	43
128	412
129	368
129	198
129	64
129	0
130	308
130	434
131	198
132	288
132	480
132	59
133	117
133	238
133	468
134	336
134	202
135	6
135	269
136	20
136	93
136	456
137	96
137	408
137	96
137	209
138	447
138	73
139	409
139	380
140	238
140	208
140	491
140	467
141	275
141	159
142	419
142	130
142	446
143	245
143	497
144	407
144	75
144	308
144	147
145	139
145	194
146	469
146	191
146	107
147	237
147	375
147	3
148	1
148	348
149	275
149	173
150	41
150	374
150	10
151	331
152	23
153	452
153	405
153	357
154	10
154	295
155	308
155	257
155	427
156	95
156	365
156	20
157	395
158	230
158	467
159	146
159	243
159	374
160	437
161	424
161	437
161	479
161	151
162	108
162	418
162	465
163	47
163	232
163	231
164	475
165	184
165	82
165	429
165	402
166	233
166	213
166	264
166	352
167	317
168	217
168	271
169	1
170	233
170	196
170	269
171	128
171	57
171	450
172	85
172	280
172	238
172	255
173	324
173	365
174	218
174	298
174	324
175	446
175	201
175	25
176	475
176	75
177	355
177	49
178	344
178	280
179	376
179	88
180	392
181	254
181	184
181	62
181	269
182	172
183	482
183	297
184	254
184	227
185	97
185	405
186	286
186	170
186	183
186	198
187	259
187	102
187	283
187	447
188	96
188	94
188	229
189	255
189	203
189	456
189	150
190	164
191	214
191	83
191	225
192	361
192	419
192	320
193	414
194	88
194	169
194	363
194	167
195	404
195	348
195	115
196	51
196	164
196	360
197	132
197	357
198	271
199	212
200	423
201	91
201	136
202	336
203	398
204	138
204	202
205	239
205	7
206	196
207	446
207	487
208	284
209	128
209	294
210	466
210	245
211	383
211	307
211	206
211	69
211	495
212	67
212	208
212	1
213	138
213	357
214	151
214	102
214	184
214	397
215	100
216	307
216	90
216	341
217	408
217	343
217	362
218	0
218	174
218	326
219	428
219	496
219	44
219	62
220	83
221	173
222	20
223	381
223	290
224	107
224	52
224	67
225	379
225	310
225	490
226	404
226	447
226	210
227	90
227	385
227	327
228	469
228	354
228	311
228	63
229	226
229	499
229	188
230	404
230	1
231	211
231	99
231	377
232	57
232	132
233	338
234	96
235	437
235	322
235	189
236	136
236	229
236	118
237	199
237	205
238	169
238	58
238	12
239	467
240	190
240	377
240	245
241	459
241	316
242	305
242	44
242	395
243	323
244	457
244	237
245	81
246	22
247	399
247	282
247	2
247	418
248	295
248	367
248	185
249	100
249	119
249	395
249	274
250	355
250	312
250	39
250	129
251	46
251	76
251	237
251	112
252	304
253	158
253	316
254	63
254	161
254	122
255	434
255	378
256	91
256	274
256	195
256	394
257	459
257	358
257	288
257	265
258	4
258	275
259	250
260	36
260	368
260	157
260	290
261	337
261	215
261	76
262	286
262	331
263	288
263	210
263	282
263	310
264	300
265	168
265	406
266	189
266	424
266	164
267	191
267	425
267	135
268	275
268	49
269	277
270	393
271	290
272	196
273	237
273	333
273	363
274	406
274	67
274	330
274	229
275	278
275	11
275	489
275	153
275	198
276	20
276	497
276	80
276	262
276	59
277	465
277	88
277	381
277	234
277	378
278	242
278	73
278	129
278	260
278	411
279	261
279	347
279	324
279	16
279	100
280	41
280	262
281	453
281	288
281	453
282	368
282	273
283	36
283	86
283	174
284	498
284	122
284	169
284	60
285	322
285	218
285	51
286	356
286	329
286	18
287	189
287	170
287	288
287	265
288	482
289	152
289	434
289	415
290	133
291	491
291	165
292	390
293	299
293	24
293	301
294	67
294	360
295	235
295	345
295	268
296	322
297	131
297	116
298	48
298	188
298	337
298	311
299	475
299	287
299	332
299	258
299	242
300	10
300	367
300	312
301	401
301	111
302	150
303	339
303	199
304	174
305	209
305	55
305	74
305	275
306	342
306	47
307	362
307	315
308	417
308	361
309	73
309	165
309	30
310	91
310	74
311	75
311	230
312	112
313	79
313	295
314	160
314	352
314	468
315	324
315	99
316	118
316	164
316	209
317	247
318	128
318	394
319	241
319	400
319	323
319	321
320	192
320	209
321	416
321	212
322	108
322	0
322	375
323	355
324	371
324	475
324	240
324	5
325	201
326	196
326	391
326	369
327	436
327	462
327	466
328	77
328	147
328	115
328	454
329	46
329	57
329	153
330	463
330	48
331	269
331	100
331	19
332	338
332	265
333	264
333	453
333	187
334	233
334	243
334	287
334	234
335	134
335	258
335	362
336	382
336	434
336	80
337	270
338	223
338	408
339	493
340	281
340	84
340	495
340	1
341	256
341	416
341	401
342	473
342	407
342	243
342	33
343	293
343	308
344	38
344	138
344	286
344	219
344	291
345	310
345	465
345	383
346	356
346	202
346	452
347	476
348	136
348	157
349	296
349	224
349	368
349	73
349	260
350	77
350	371
351	79
352	31
352	126
352	112
353	249
353	371
354	19
355	301
355	199
356	311
356	76
357	447
357	246
358	285
359	411
359	424
359	277
360	0
360	404
360	78
361	224
361	398
361	305
362	45
362	39
362	15
362	64
363	376
363	392
363	332
363	177
364	330
364	41
364	324
364	133
365	149
365	472
365	169
365	133
366	403
366	112
366	202
367	206
367	497
367	337
367	65
368	474
369	459
369	387
370	211
370	6
371	416
372	242
372	175
372	405
373	117
373	239
374	304
374	431
375	57
375	189
376	26
376	104
376	165
377	430
377	42
378	191
378	413
379	265
379	193
380	421
380	73
380	328
380	438
380	416
381	373
381	149
381	296
382	190
382	16
382	10
383	397
383	215
384	157
384	305
385	133
385	403
385	13
386	386
387	256
387	27
387	53
388	435
388	160
388	232
388	431
389	441
389	250
389	3
390	406
391	125
391	372
392	128
392	266
392	257
392	16
392	72
393	304
394	479
395	369
395	9
396	129
396	215
396	109
397	301
398	357
398	106
399	122
400	150
400	182
400	316
401	301
401	53
401	107
402	91
402	55
403	43
403	242
403	210
404	176
405	187
405	243
406	481
406	483
407	365
407	294
407	227
408	366
408	116
408	389
408	106
409	64
410	326
410	395
410	356
410	84
410	388
411	20
412	315
413	253
413	42
413	142
414	111
415	143
415	114
415	255
415	99
416	9
416	477
416	78
417	215
417	85
418	191
418	437
419	195
419	308
420	304
420	340
421	420
421	171
421	117
421	37
422	307
422	474
422	371
423	62
423	61
423	51
424	212
424	62
425	254
425	460
425	131
425	234
426	124
426	424
426	49
427	420
427	286
427	108
428	12
428	22
428	478
428	240
428	339
429	365
430	452
430	300
431	224
431	160
431	373
432	159
432	41
433	53
434	129
434	208
434	282
435	435
435	233
436	229
436	292
436	448
436	149
437	81
437	36
438	42
438	155
438	220
438	2
439	136
439	491
440	224
440	308
440	218
441	18
442	145
442	376
442	370
442	454
442	321
443	42
443	476
443	252
443	150
444	242
445	50
446	3
446	471
447	468
447	295
448	371
449	193
449	255
449	483
450	235
450	59
451	301
451	468
451	480
451	207
452	20
453	314
453	385
454	12
454	381
455	468
455	98
456	147
456	354
456	443
456	52
457	325
457	440
458	110
458	393
458	74
458	467
459	201
460	21
460	153
461	300
461	354
461	336
462	335
462	465
463	386
464	75
464	432
464	237
465	73
465	128
465	474
465	281
466	434
466	458
466	306
467	141
467	72
467	315
468	320
468	168
468	36
469	124
470	252
470	134
471	63
471	173
471	271
471	340
472	482
472	375
472	231
473	403
474	7
474	97
475	427
476	237
476	397
476	276
477	310
477	198
478	1
478	43
479	126
480	30
481	389
481	463
482	242
482	131
482	396
482	307
483	161
483	73
484	199
484	119
484	441
485	356
485	251
485	365
486	180
486	143
486	132
486	253
486	154
487	245
487	185
487	138
488	350
488	112
489	333
489	264
490	130
490	100
491	243
492	369
492	391
492	251
493	178
493	440
494	310
494	298
494	310
494	108
495	396
495	310
496	120
496	405
497	274
497	309
498	255
499	238
